23.5642166667,87.28304,09:28:47,77654,34,27.3831164353,1,1
23.564005,87.2838366667,13:30:53,274,4,30.9258889186,2,2
23.5593666667,87.2847316667,05:08:54,4028,18,40.7836605255,2,3
23.5579783333,87.2854483333,17:16:30,136,40,19.3379436841,5,19
23.5562933333,87.286425,16:31:49,79,2,35.5433281886,5,20
23.5570866667,87.28597,15:04:40,47,33,55.3498657831,3,64
23.5559933333,87.2863266667,05:32:24,216,37,15.4195578202,3,33
23.555615,87.28553,13:22:49,118,35,30.2694440011,3,21
23.5549833333,87.285725,13:21:39,1572,16,25.7601617124,4,4
23.5539866667,87.2863433333,13:25:41,169,16,31.2520459673,5,22
23.5524566667,87.2870433333,13:26:11,251,35,24.8335299107,5,23
23.5511716667,87.2860016667,13:28:16,837,16,27.4611808396,6,5
23.5500566667,87.2851383333,05:35:53,558,37,35.7978490413,5,6
23.54818,87.2836416667,17:23:19,1315,40,21.5554183569,10,24
23.5470416667,87.28273,05:37:31,208,37,25.3625884042,6,7
23.546715,87.2824533333,07:30:10,25,27,14.8043870113,12,46
23.5453566667,87.28133,14:56:03,252,29,19.1762415595,7,34
23.5449866667,87.2816566667,14:56:56,18,29,10.563518031,8,72
23.5445216667,87.2828283333,18:27:02,101,30,13.341018245,9,25
23.5427883333,87.2865233333,17:21:54,101,5,35.4280965287,8,35
23.54377,87.2844883333,11:03:28,82,23,29.1845368136,12,57
23.5428866667,87.2905266667,17:08:04,182,8,31.62708797,8,36
23.541695,87.28995666670001,19:09:27,1102,10,24.9652400295,15,26
23.5393583333,87.2930816667,17:33:01,553,40,45.8964720091,14,27
23.5389916667,87.2945633333,10:16:01,174,14,29.9094520044,13,28
23.5375433333,87.296825,12:16:35,2114,28,19.9024147337,15,8
23.536095,87.29593,13:42:24,190,16,17.8023533005,13,43
23.5354033333,87.296955,14:38:55,721,20,42.7368808488,10,50
23.5357416667,87.29772,17:16:24,16524,8,37.0696609319,13,10
23.5357083333,87.2979966667,13:13:02,743,12,36.3215223438,15,44
23.5355616667,87.2981766667,13:01:55,71,9,30.3859521117,17,51
23.5352366667,87.298665,10:26:14,622,15,42.7336383028,18,29
23.5333766667,87.30651,14:47:16,184,39,28.4058074909,18,31
23.5281933333,87.311165,16:47:29,2447,13,40.113863148,19,11
23.5272133333,87.311165,13:50:28,1889,16,28.9510991,17,12
23.5193466667,87.3112616667,14:07:41,442,7,22.2965060273,19,14
23.5111516667,87.3106266667,12:18:51,39,42,33.4980806034,19,15
23.5107533333,87.3106766667,13:24:02,81,12,26.2273466058,20,52
23.5071966667,87.3098616667,18:52:06,24,30,18.8116824582,20,53
23.5036366667,87.30773,10:38:49,1217,15,35.3093742504,23,32
23.5004066667,87.3060216667,17:06:44,723,2,48.4507026121,27,16
23.4965116667,87.313655,14:16:04,53,24,16.6559340087,18,55
23.4963983333,87.3137366667,17:06:23,89,17,41.0639264969,18,37
23.494685,87.3168283333,08:53:34,10541,31,21.1663387945,19,17
