stop_number,latitude,longitude
1,1,23.5642033333
2,2,23.561865
3,3,23.5579783333
4,4,23.555085
5,5,23.55397
6,6,23.5524616667
7,7,23.5511716667
8,8,23.55006
9,9,23.5482366667
10,10,23.547065
11,11,23.545345
12,12,23.5445016667
13,13,23.543705
14,14,23.5428533333
15,15,23.5430933333
16,16,23.54169
17,17,23.539285
18,18,23.53909
19,19,23.537535
20,20,23.535725
21,21,23.5333766667
22,22,23.5281966667
23,23,23.5192733333
24,24,23.5112133333
25,25,23.507145
26,26,23.5036933333
27,27,23.5002716667
28,28,23.4963333333
29,29,23.4946816667
