stop_number,latitude,longitude
1,23.590540426574663,87.20604618961511
2,23.59308687565021,87.20828767092323
3,23.61093292676116,87.21755519502247
4,23.614383356908764,87.21761746429962
5,23.61532228579173,87.21761919359001
6,23.617897288961025,87.21753915801673
7,23.62760647185011,87.22197488850162
8,23.64075092806108,87.226561553932
9,23.648372001519917,87.22777827221971
10,23.65144849031507,87.23161135899781
11,23.65227649207433,87.23255946508787
12,23.652725785542085,87.23317194998042
13,23.653069094814228,87.23549296777973
14,23.653338065162202,87.23807155683969
15,23.653041344090244,87.24217675812197
16,23.652353092383297,87.24312459433976
