stop_number,latitude,longitude
1,23.5643683333,87.28286
2,23.5720516667,87.2783266667
3,23.5736633333,87.2765066667
4,23.57654,87.2748633333
5,23.579585,87.2735016667
6,23.5822816667,87.2760566667
7,23.5802566667,87.2794716667
8,23.57863,87.2827216667
9,23.5827166667,87.2833166667
10,23.5845483333,87.28349
11,23.58709,87.283505
12,23.5887916667,87.2820116667
13,23.5905416667,87.28463
14,23.5863733333,87.28758
15,23.5800666667,87.28747
16,23.579295,87.291565
17,23.5749983333,87.2914766667
18,23.57411,87.2992216667
19,23.5722583333,87.3026016667
20,23.5681316667,87.2988916667
21,23.5626316667,87.2988183333
22,23.560025,87.2987883333
23,23.55665,87.2987983333
24,23.554925,87.29879
25,23.5512583333,87.2966066667
26,23.5487183333,87.3010016667
27,23.5482166667,87.3038733333
28,23.5466233333,87.3099133333
29,23.5443783333,87.3082816667
30,23.5424183333,87.3069566667
31,23.543365,87.3045983333
32,23.54464,87.3021116667
33,23.5428083333,87.3008383333
34,23.54172,87.300085
35,23.5405183333,87.2992916667
36,23.538875,87.2982166667
37,23.537525,87.2967266667
38,23.535765,87.2977166667
39,23.52818,87.3111633333
40,23.52642,87.3111866667
41,23.5189416667,87.3112833333
42,23.5036316667,87.3077566667
43,23.5003783333,87.306005
44,23.4965516667,87.3134916667
45,23.4946016667,87.3171966667
