stop_number,latitude,longitude
1,23.562979476178047,87.27975579394652
2,23.562759273880154,87.27929027485966
3,23.55996469391602,87.27664350737096
4,23.5582182484748,87.27529818443668
5,23.557536541536606,87.27483632752033
6,23.55548547568083,87.27359134679175
7,23.549972612886776,87.27013516329377
8,23.550598991178962,87.26863661593168
9,23.55342650583101,87.26411076540886
10,23.561346114446888,87.25335548529408
11,23.563833961590447,87.24988260794028
12,23.569499559812673,87.24226174971254
13,23.57343986863211,87.23696991013335
14,23.57589876944344,87.23333880455155
15,23.5803901374041,87.2274964561464
16,23.582306916045017,87.2249011185959
17,23.58648457101299,87.21507897172252
18,23.589942612413985,87.20551891820398
19,23.590540426574663,87.20604618961511
20,23.59308687565021,87.20828767092323
21,23.61093292676116,87.21755519502247
22,23.614383356908764,87.21761746429962
23,23.61532228579173,87.21761919359001
24,23.617897288961025,87.21753915801673
25,23.62760647185011,87.22197488850162
26,23.64075092806108,87.226561553932
27,23.648372001519917,87.22777827221971
28,23.65144849031507,87.23161135899781
29,23.65227649207433,87.23255946508787
30,23.652725785542085,87.23317194998042
31,23.653069094814228,87.23549296777973
32,23.653338065162202,87.23807155683969
33,23.653514615799235,87.2400437018146
34,23.653041344090244,87.24217675812197
35,23.652353092383297,87.24312459433976
