Stop_Number,latitude,longitude
1,23.56451,87.2823233333
2,23.5629794762,87.2797557939
3,23.5627592739,87.2792902749
4,23.5599646939,87.2766435074
5,23.5582182485,87.2752981844
6,23.5575365415,87.2748363275
7,23.5554854757,87.2735913468
8,23.5535633333,87.2724433333
9,23.5499726129,87.2701351633
10,23.5505989912,87.2686366159
11,23.5534265058,87.2641107654
12,23.5613461144,87.2533554853
13,23.5638339616,87.2498826079
14,23.5663233333,87.246695
15,23.5694995598,87.2422617497
16,23.5734398686,87.2369699101
17,23.5758987694,87.2333388046
18,23.5803901374,87.2274964561
19,23.582306916,87.2249011186
20,23.586484571,87.2150789717
21,23.5899426124,87.2055189182
22,23.5905404266,87.2060461896
23,23.6109329268,87.217555195
24,23.6143833569,87.2176174643
25,23.6153222858,87.2176191936
26,23.617897289,87.217539158
27,23.6276064719,87.2219748885
28,23.6407509281,87.2265615539
29,23.6483720015,87.2277782722
30,23.6514484903,87.231611359
31,23.6522764921,87.2325594651
32,23.6527257855,87.23317195
33,23.6530690948,87.2354929678
34,23.6533380652,87.2380715568
35,23.6535146158,87.2400437018
36,23.6530413441,87.2421767581
37,23.6523530924,87.2431245943
38,23.6487783333,87.2504383333
