GT_ID,latitude,longitude
1,23.56451,87.2823233333
2,23.5629794762,87.2797557939
3,23.5599646939,87.2766435074
4,23.5582182485,87.2752981844
5,23.5554854757,87.2735913468
6,23.5505989912,87.2686366159
7,23.5534265058,87.2641107654
8,23.5613461144,87.2533554853
9,23.5638339616,87.2498826079
10,23.5663233333,87.246695
11,23.5694995598,87.2422617497
12,23.5734398686,87.2369699101
13,23.5758987694,87.2333388046
14,23.5803901374,87.2274964561
15,23.582306916,87.2249011186
16,23.586484571,87.2150789717
17,23.5905404266,87.2060461896
18,23.6109329268,87.217555195
19,23.6153222858,87.2176191936
20,23.617897289,87.217539158
21,23.6276064719,87.2219748885
22,23.6407509281,87.2265615539
23,23.6483720015,87.2277782722
24,23.6514484903,87.231611359
25,23.6522764921,87.2325594651
26,23.6527257855,87.23317195
27,23.6533380652,87.2380715568
28,23.6523530924,87.2431245943
29,23.6487783333,87.2504383333
