Stop_Number,Lat,Long
1,23.56438779,87.28277716
2,23.57076323,87.2829176
3,23.57204343,87.27848548
4,23.5734457,87.27666726
5,23.57642002,87.27497626
6,23.57948477,87.27351833
7,23.58205281,87.2761636
8,23.58025667,87.27947167
9,23.57863,87.28272167
10,23.58271667,87.28331667
11,23.58873835,87.28202044
12,23.59054167,87.28463
13,23.580015,87.28747167
14,23.57908612,87.29148326
15,23.57496246,87.29146156
16,23.57414833,87.29571
17,23.57410167,87.29928333
18,23.57212274,87.30253112
19,23.56799382,87.2987335
20,23.56258833,87.29875
21,23.55993736,87.29871382
22,23.55741833,87.29876333
23,23.55220667,87.29699333
24,23.5483295,87.30127809
25,23.54822167,87.30379167
26,23.54659624,87.30988713
27,23.54437833,87.30828167
28,23.5423244,87.3067764
29,23.54342504,87.30459755
30,23.54474026,87.30237214
31,23.54333167,87.30119
32,23.54172,87.300085
33,23.53887,87.29820833
34,23.5374344,87.29668649
35,23.53572,87.29775
36,23.53314,87.30674667
37,23.52823644,87.31113246
38,23.51894167,87.31128333
39,23.51071639,87.31069482
40,23.50363167,87.30775667
41,23.50032781,87.30609325
42,23.49453167,87.31712833
